Entailment Statistics:
Mean: 678.5885163002014, 
Median: 290.9031524658203, 
Quartiles: [155.70846558 290.90315247 606.18089294],
Quintiles: [134.64440002 223.77026978 376.33609619 768.84498291]

Non-Entailment Statistics:
Mean: 771.3761799392701, 
Median: 284.58155822753906, 
Quartiles: [153.76884079 284.58155823 635.79336548], 
Quintiles: [134.15087585 215.20725098 382.58584595 845.0621582 ]